2 0.13818181818181818 0.5572207084468664 0.10181818181818182 0.1880108991825613
2 0.5627272727272727 0.7547683923705722 0.11090909090909092 0.1907356948228883
2 0.8436363636363636 0.6743869209809265 0.10181818181818182 0.13896457765667575
2 0.8481818181818181 0.5776566757493188 0.19818181818181818 0.12534059945504086
2 0.8572727272727273 0.494550408719346 0.19090909090909092 0.17166212534059946
2 0.6636363636363637 0.4782016348773842 0.09818181818181818 0.2970027247956403
2 0.4618181818181818 0.49591280653950953 0.09454545454545454 0.2779291553133515
2 0.3981818181818182 0.670299727520436 0.14545454545454545 0.2670299727520436
2 0.26181818181818184 0.388283378746594 0.10909090909090909 0.17166212534059946
2 0.1809090909090909 0.715258855585831 0.15818181818181817 0.2098092643051771
2 0.3390909090909091 0.5449591280653951 0.1690909090909091 0.2125340599455041
2 0.5754545454545454 0.3065395095367847 0.2672727272727273 0.1880108991825613
2 0.5872727272727273 0.18528610354223432 0.18545454545454546 0.17983651226158037
