2 0.45231607629427795 0.4481818181818182 0.2561307901907357 0.07454545454545454
2 0.5149863760217984 0.5209090909090909 0.2452316076294278 0.06
2 0.45231607629427795 0.5927272727272728 0.23978201634877383 0.07636363636363637
2 0.36103542234332425 0.6581818181818182 0.14986376021798364 0.10181818181818182
2 0.3474114441416894 0.8009090909090909 0.38419618528610355 0.11454545454545455
2 0.6362397820163488 0.5745454545454546 0.13896457765667575 0.05454545454545454
2 0.7302452316076294 0.6436363636363637 0.17983651226158037 0.07636363636363637
2 0.5367847411444142 0.8827272727272727 0.1907356948228883 0.08181818181818182
2 0.3010899182561308 0.8718181818181818 0.1989100817438692 0.08181818181818182
2 0.4100817438692098 0.7327272727272728 0.2098092643051771 0.06909090909090909
2 0.6362397820163488 0.7127272727272728 0.17166212534059946 0.05454545454545454
2 0.6294277929155313 0.7872727272727272 0.23433242506811988 0.09818181818181818
2 0.7615803814713896 0.8481818181818181 0.1880108991825613 0.13636363636363635
