2 0.49453551912568305 0.5636363636363636 0.17486338797814208 0.05454545454545454
2 0.4959016393442623 0.6427272727272727 0.1721311475409836 0.1
2 0.48770491803278687 0.7163636363636363 0.3087431693989071 0.05454545454545454
2 0.8633879781420765 0.46454545454545454 0.26229508196721313 0.0890909090909091
2 0.7991803278688525 0.7027272727272728 0.2650273224043716 0.09636363636363636
2 0.14344262295081966 0.58 0.2650273224043716 0.07636363636363637
2 0.1557377049180328 0.7054545454545454 0.13114754098360656 0.16
2 0.16939890710382513 0.8163636363636364 0.31693989071038253 0.08
2 0.36885245901639346 0.8472727272727273 0.1092896174863388 0.19272727272727272
2 0.6215846994535519 0.84 0.08469945355191257 0.2
2 0.5095628415300546 0.8618181818181818 0.15027322404371585 0.05818181818181818
2 0.5136612021857924 0.9145454545454546 0.08196721311475409 0.05090909090909091
2 0.8333333333333334 0.8781818181818182 0.16393442622950818 0.24
2 0.7418032786885246 0.64 0.1448087431693989 0.20363636363636364
