2 0.32833787465940056 0.8236363636363636 0.6457765667574932 0.34545454545454546
2 0.5749318801089919 0.5081818181818182 0.47956403269754766 0.2818181818181818
2 0.8910081743869209 0.58 0.19618528610354224 0.27636363636363637
2 0.1553133514986376 0.5072727272727273 0.30517711171662126 0.18545454545454546
2 0.36239782016348776 0.32545454545454544 0.22343324250681199 0.09454545454545454
2 0.6457765667574932 0.3245454545454545 0.2615803814713896 0.12181818181818181
2 0.9114441416893733 0.3690909090909091 0.17166212534059946 0.14545454545454545
2 0.9019073569482289 0.20545454545454545 0.1907356948228883 0.08363636363636363
2 0.5640326975476839 0.20909090909090908 0.3651226158038147 0.11636363636363636
2 0.2901907356948229 0.2609090909090909 0.20435967302452315 0.07818181818181819
2 0.12670299727520437 0.36272727272727273 0.23160762942779292 0.1618181818181818
