2 0.7472727272727273 0.8242506811989101 0.19636363636363635 0.29155313351498635
2 0.25636363636363635 0.7329700272479565 0.12 0.2561307901907357
2 0.3018181818181818 0.5762942779291553 0.2581818181818182 0.19346049046321526
2 0.43454545454545457 0.4645776566757493 0.19636363636363635 0.25885558583106266
2 0.5354545454545454 0.2724795640326976 0.06727272727272728 0.3106267029972752
2 0.5709090909090909 0.21798365122615804 0.06545454545454546 0.31607629427792916
2 0.8572727272727273 0.42779291553133514 0.1 0.3869209809264305
2 0.6981818181818182 0.4087193460490463 0.12727272727272726 0.2561307901907357
2 0.6781818181818182 0.6049046321525886 0.15636363636363637 0.20708446866485014
2 0.7745454545454545 0.26294277929155313 0.06909090909090909 0.19346049046321526
2 0.44 0.28610354223433243 0.13818181818181818 0.23433242506811988
2 0.2736363636363636 0.44550408719346046 0.14 0.21525885558583105
2 0.5836363636363636 0.7016348773841962 0.12727272727272726 0.3188010899182561
