2 0.6163636363636363 0.1311881188118812 0.24363636363636362 0.18316831683168316
2 0.6209090909090909 0.297029702970297 0.2636363636363636 0.18811881188118812
2 0.41545454545454547 0.7821782178217822 0.19818181818181818 0.2376237623762376
2 0.6263636363636363 0.6732673267326733 0.27454545454545454 0.22772277227722773
2 0.6681818181818182 0.8502475247524752 0.13272727272727272 0.2004950495049505
2 0.5554545454545454 0.8118811881188119 0.10363636363636364 0.19801980198019803
2 0.7109090909090909 0.4715346534653465 0.2545454545454545 0.2103960396039604
2 0.7472727272727273 0.7202970297029703 0.16 0.3811881188118812
2 0.4381818181818182 0.4628712871287129 0.2545454545454545 0.1782178217821782
2 0.3609090909090909 0.6064356435643564 0.0890909090909091 0.1782178217821782
2 0.4909090909090909 0.6225247524752475 0.1709090909090909 0.17574257425742573
2 0.5027272727272727 0.42945544554455445 0.16545454545454547 0.21534653465346534
