2 0.7790909090909091 0.7418032786885246 0.10727272727272727 0.1830601092896175
2 0.8581818181818182 0.8333333333333334 0.10545454545454545 0.18032786885245902
2 0.7263636363636363 0.825136612021858 0.1690909090909091 0.15300546448087432
2 0.64 0.6489071038251366 0.09818181818181818 0.3907103825136612
2 0.5709090909090909 0.366120218579235 0.21818181818181817 0.1912568306010929
2 0.5881818181818181 0.1830601092896175 0.0890909090909091 0.273224043715847
2 0.49 0.6024590163934426 0.09636363636363636 0.38524590163934425
2 0.35545454545454547 0.6147540983606558 0.11090909090909092 0.16393442622950818
2 0.25545454545454543 0.662568306010929 0.0890909090909091 0.1885245901639344
2 0.37363636363636366 0.7185792349726776 0.16545454545454547 0.13114754098360656
