2 0.5027272727272727 0.1335149863760218 0.19090909090909092 0.16348773841961853
2 0.5054545454545455 0.28610354223433243 0.09454545454545454 0.14713896457765668
2 0.49454545454545457 0.38283378746594005 0.2 0.09536784741144415
2 0.4509090909090909 0.5 0.09454545454545454 0.1444141689373297
2 0.5472727272727272 0.5 0.09454545454545454 0.1335149863760218
2 0.5 0.6021798365122616 0.2872727272727273 0.08174386920980926
2 0.4090909090909091 0.7656675749318801 0.10181818181818182 0.2615803814713896
2 0.5963636363636363 0.7833787465940054 0.09090909090909091 0.26430517711171664
2 0.74 0.6062670299727521 0.09454545454545454 0.07356948228882834
2 0.7390909090909091 0.7057220708446866 0.08545454545454545 0.1362397820163488
2 0.7336363636363636 0.8215258855585831 0.18727272727272729 0.1771117166212534
2 0.2881818181818182 0.4564032697547684 0.10727272727272727 0.07901907356948229
2 0.2827272727272727 0.6280653950953679 0.09636363636363636 0.28065395095367845
2 0.22272727272727272 0.8079019073569482 0.1 0.1771117166212534
2 0.31545454545454543 0.8024523160762943 0.09272727272727273 0.18256130790190736
